eval_loss = 0.35356584191322327
f1_score = 0.731920199501247
precision = 0.6954976303317536
recall = 0.7723684210526316
