eval_loss = 0.03569559380412102
f1_score = 0.8333333333333333
precision = 1.0
recall = 0.7142857142857143
